5
99
Player1
1000
Player2
1373
Player3
1746
Player4
2119
Player5
2492
Player6
2865
Player7
1238
Player8
1611
Player9
1984
Player10
2357
Player11
2730
Player12
1103
Player13
1476
Player14
1849
Player15
2222
Player16
2595
Player17
2968
Player18
1341
Player19
1714
Player20
2087
Player21
2460
Player22
2833
Player23
1206
Player24
1579
Player25
1952
Player26
2325
Player27
2698
Player28
1071
Player29
1444
Player30
1817
Player31
2190
Player32
2563
Player33
2936
Player34
1309
Player35
1682
Player36
2055
Player37
2428
Player38
2801
Player39
1174
Player40
1547
Player41
1920
Player42
2293
Player43
2666
Player44
1039
Player45
1412
Player46
1785
Player47
2158
Player48
2531
Player49
2904
Player50
1277
Player51
1650
Player52
2023
Player53
2396
Player54
2769
Player55
1142
Player56
1515
Player57
1888
Player58
2261
Player59
2634
Player60
1007
Player61
1380
Player62
1753
Player63
2126
Player64
2499
Player65
2872
Player66
1245
Player67
1618
Player68
1991
Player69
2364
Player70
2737
Player71
1110
Player72
1483
Player73
1856
Player74
2229
Player75
2602
Player76
2975
Player77
1348
Player78
1721
Player79
2094
Player80
2467
Player81
2840
Player82
1213
Player83
1586
Player84
1959
Player85
2332
Player86
2705
Player87
1078
Player88
1451
Player89
1824
Player90
2197
Player91
2570
Player92
2943
Player93
1316
Player94
1689
Player95
2062
Player96
2435
Player97
2808
Player98
1181
Player99
1554
14
1
3
2
2
3
2
1
3
1
1
1
2
1
2
2
1
2
3
3
3
3
1
1
1
2
1
3
2
2
1
2
2
2
3
2
2
3
2
2
2
1
2
3
2
1
1
1
1
2
3
1
2
1
2
3
3
1
3
3
1
1
3
3
2
2
1
1
3
2
2
3
2
1
2
3
3
3
1
2
3
3
3
3
1
2
3
2
3
1
1
2
1
2
1
2
2
3
3
3
2
2
2
2
2
2
1
1
1
1
2
3
3
2
3
3
1
2
1
2
3
3
1
2
3
1
2
3
2
1
2
3
1
1
1
3
3
3
1
2
1
3
3
2
2
2
3
2
1
3
2
3
1
3
1
3
3
2
2
3
2
1
2
2
2
2
2
3
2
3
2
2
1
2
3
2
3
1
2
1
2
1
3
1
1
3
1
2
3
2
3
1
3
1
1
1
2
1
2
3
3
1
2
3
2
1
1
3
1
2
2
1
3
1
2
3
2
3
2
3
1
3
1
2
1
1
2
2
2
2
3
1
2
1
3
3
1
1
2
2
2
1
3
1
2
3
1
2
1
2
3
3
3
2
1
1
3
1
3
3
1
3
3
2
1
2
2
3
3
3
1
3
2
1
3
3
2
2
2
1
2
3
1
3
3
2
2
2
1
3
2
2
2
2
2
3
1
1
1
2
1
1
1
3
3
3
3
3
3
3
3
1
3
1
3
3
1
1
3
3
1
2
2
2
2
3
1
3
2
2
2
2
2
2
1
3
3
2
3
2
2
3
3
1
2
3
2
2
1
1
3
1
2
2
2
2
1
1
2
2
3
2
3
3
1
1
1
1
3
3
1
2
2
1
1
2
2
3
1
2
3
2
2
1
2
1
3
3
3
3
1
1
2
2
3
3
1
3
1
3
2
1
2
2
1
2
2
2
2
3
2
2
2
3
3
3
3
1
2
2
1
2
3
2
1
1
3
1
1
1
1
3
3
1
3
3
3
1
2
1
1
2
1
1
2
1
3
3
2
1
1
1
2
1
1
1
2
1
2
1
3
3
1
1
3
1
1
2
3
1
3
3
3
1
3
3
2
1
1
2
2
1
2
1
1
2
3
1
2
1
2
3
3
3
2
3
3
1
1
1
1
1
2
2
1
2
1
3
3
3
1
2
3
3
2
3
1
1
1
3
1
3
2
2
2
2
2
2
3
1
1
1
2
2
3
2
1
2
3
1
2
1
2
2
3
1
1
1
3
1
2
2
3
1
2
3
3
2
1
2
2
1
2
3
2
1
1
3
3
2
1
2
2
1
1
1
3
3
3
2
1
1
1
1
2
3
3
1
3
1
3
2
1
2
3
2
3
1
3
1
2
3
3
3
2
3
3
2
2
1
1
3
2
3
1
1
2
3
3
2
2
2
3
1
3
3
3
1
2
1
3
1
2
1
1
3
3
2
3
2
2
1
3
2
3
1
3
3
3
1
3
3
2
3
2
3
3
2
1
3
2
3
3
1
2
3
1
2
1
2
3
3
2
3
1
1
1
3
2
2
3
3
3
1
3
3
1
